1.100678286528228677e-23
9.342933941591145797e-25
-4.247193716525363364e-23
7.621428072864602514e-23
1.372838003455689145e-23
-3.031013644282479192e-22
5.043935592770505026e-22
1.809924900515134608e-22
-2.139655348360957862e-21
3.159824794147170263e-21
2.057944173260571790e-21
-1.480653487267849768e-20
1.831961184132931377e-20
2.072249064166694756e-20
-9.916411830909770563e-20
9.380082373722263693e-20
1.883814490629723056e-19
-6.313807245295066957e-19
3.736667001042965454e-19
1.558406379000449518e-18
-3.721055739845347761e-18
5.156463807149314900e-19
1.170500734938881237e-17
-1.937203479790481359e-17
-1.010417351450210030e-17
7.871672187218332159e-17
-7.988414804658693853e-17
-1.441552319471602922e-16
4.586762995426326132e-16
-1.578627448014523030e-16
-1.259623053731312662e-15
2.140035719499451528e-15
1.267498936363049863e-15
-8.295189451767608422e-15
6.038086059253490065e-15
1.866645046938559504e-14
-3.977790220654666293e-14
-1.357194617135916541e-14
1.352688780617729341e-13
-9.578298452901127390e-14
-3.127509896950215689e-13
5.720392048741774071e-13
4.227554183348512468e-13
-2.032826784061815399e-12
3.727580509729137454e-13
5.813792258142351244e-12
-5.404737171344741213e-12
-1.594421171651875174e-11
2.885143469155817299e-11
6.454997862862916687e-11
-1.225651517552121725e-10
-6.177060301957519053e-10
-1.270921364441654505e-09
-2.001457146401953506e-09
-2.902792785305802428e-09
-3.993552572700464492e-09
-5.233787243292802622e-09
-6.702882857841455896e-09
-8.461678330873278860e-09
-1.048803781307889659e-08
-1.285244198945533166e-08
-1.564389140328489248e-08
-1.886683389183499063e-08
-2.259833694668928798e-08
-2.695201590664309297e-08
-3.196289317686629153e-08
-3.772861062559534862e-08
-4.438956688033650569e-08
-5.201488626278198909e-08
-6.073489638366214491e-08
-7.072110881939530423e-08
-8.208103211281261499e-08
-9.498795337604880503e-08
-1.096485385789456129e-07
-1.262134222041982714e-07
-1.449065192868837766e-07
-1.659714882592928997e-07
-1.896062087803316676e-07
-2.160885622024406324e-07
-2.456971812241416744e-07
-2.786789352870709067e-07
-3.153621677135079560e-07
-3.560532144762687070e-07
-4.010448291704156081e-07
-4.507026769496769807e-07
-5.053472410275624582e-07
-5.653059723656654708e-07
-6.309567840987336681e-07
-7.026137939528873009e-07
-7.806161984699464626e-07
-8.653164007377424956e-07
-9.569941921788101454e-07
-1.055962534657890458e-06
-1.162499582467321689e-06
-1.276814741762925331e-06
-1.399140410278265701e-06
-1.529625183247192288e-06
-1.668363081594565458e-06
-1.815437943951693727e-06
-1.970813238215575176e-06
-2.134413344007453010e-06
-2.306100024666344214e-06
-2.485602194067573417e-06
-2.672613357019411139e-06
-2.866707473408952077e-06
-3.067340212096255571e-06
-3.273913720826096741e-06
-3.485671693569389157e-06
-3.701770997419453260e-06
-3.921277383550950735e-06
-4.143097390534296780e-06
-4.366079538186936468e-06
-4.588943321088793761e-06
-4.810290991786395087e-06
-5.028676441816050396e-06
-5.242515843155192712e-06
-5.450175404955073761e-06
-5.649965065364308785e-06
-5.840099273601803787e-06
-6.018804235223939510e-06
-6.184248784474058878e-06
-6.334594188234718731e-06
-6.468047708242143429e-06
-6.582796951242178103e-06
-6.677120620702193526e-06
-6.749357264689230818e-06
-6.797913251845044600e-06
-6.821353390907867847e-06
-6.818328396265021886e-06
-6.787665341870683581e-06
-6.728371024105663713e-06
-6.639602771646344501e-06
-6.520770654563265853e-06
-6.371466077702382147e-06
-6.191519473092601610e-06
-5.981024512446249118e-06
-5.740277753682211343e-06
-5.469872886044233791e-06
-5.170629916893863478e-06
-4.843617093896324918e-06
-4.490181535501889309e-06
-4.111863597819488653e-06
-3.710473556053740522e-06
-3.288018396701231402e-06
-2.846692831818813338e-06
-2.388907710522700564e-06
-1.917186410276898119e-06
-1.434224564879567827e-06
-9.428139543624247579e-07
-4.458139670025284830e-07
5.382349155867500569e-08
5.531656491625265268e-07
1.049247528518842708e-06
1.539148075077657906e-06
2.020022795190403616e-06
2.489078430504332649e-06
2.943681348754978649e-06
3.381302710517035700e-06
3.799590091527271403e-06
4.196388632214586075e-06
4.569711022211929354e-06
4.917832203300972600e-06
5.239221313088064617e-06
5.532606221100778065e-06
5.796971231597981623e-06
6.031522134422444777e-06
6.235760217049547696e-06
6.409397837573672210e-06
6.552417076440672961e-06
6.665038208523431880e-06
6.747685944631893822e-06
6.801039741122343571e-06
6.825938034387713931e-06
6.823435246955919800e-06
6.794742025195185840e-06
6.741203945443521013e-06
6.664327292182545113e-06
6.565684418769349543e-06
6.446972913307129657e-06
6.309934184414956200e-06
6.156356698081761005e-06
5.988076804929572526e-06
5.806901652686024585e-06
5.614669484162751932e-06
5.413157708513617497e-06
5.204117822865830650e-06
4.989250296082124860e-06
4.770161298032395288e-06
4.548415734172395819e-06
4.325449536443554978e-06
4.102633577665973351e-06
3.881223238602808800e-06
3.662359957610968871e-06
3.447102797857623273e-06
3.236362334100344181e-06
3.030978648174625073e-06
2.831652357127022545e-06
2.638991379135100294e-06
2.453507326886972661e-06
2.275588083114627213e-06
2.105564967515887833e-06
1.943641755038195541e-06
1.789972580056155395e-06
1.644619228630995048e-06
1.507572434107984982e-06
1.378781897578384075e-06
1.258107933890790617e-06
1.145401912837497289e-06
1.040438302623577238e-06
9.429788634361496480e-07
8.527510173144045408e-07
7.694450311514314639e-07
6.927620320646715776e-07
6.223522397660078203e-07
5.578951971119132029e-07
4.990362989668518639e-07
4.454351257507976643e-07
3.967566911631840484e-07
3.526513250138984476e-07
3.128098456869316766e-07
2.768946072602229435e-07
2.446153137416656163e-07
2.156686656994107477e-07
1.897759100566957624e-07
1.666795920213095059e-07
1.461148961414173668e-07
1.278660345086812483e-07
1.116946095149289771e-07
9.741234627920811575e-08
8.482114547548563636e-08
7.374759536923114413e-08
6.403887741703439425e-08
5.553397280976618808e-08
4.811743339403570603e-08
4.164848275574696070e-08
3.603307185872176561e-08
3.116126072554982800e-08
2.694620233426433744e-08
2.331288470727876556e-08
2.017704213799582788e-08
1.749186965849310444e-08
1.518144518233018305e-08
1.321282964857118782e-08
1.152853154827142142e-08
1.009560023190775576e-08
8.881019136864703307e-09
7.845807103101587456e-09
6.978341001494515214e-09
6.237556971855460477e-09
5.622141108221912374e-09
5.098793383977070003e-09
4.663614919689944359e-09
4.299561580698185100e-09
3.992467397571724009e-09
3.742879131466323070e-09
3.527505227359135733e-09
3.357598659704886663e-09
3.209043673792914613e-09
3.092588814442307555e-09
2.993216689625547402e-09
2.911805561954454255e-09
2.847977188887263835e-09
2.790058689865637678e-09
2.750369680375878012e-09
2.709587797312813689e-09
2.684533710264923841e-09
2.657548060206188242e-09
2.640021513834891681e-09
2.624436498939088553e-09
2.610244580047500026e-09
2.603266874860273564e-09
2.591023696276180899e-09
2.589183128257774442e-09
2.579451323733184709e-09
2.579195917638436128e-09
2.573173651067089504e-09
2.571815366651035388e-09
2.570104102939950558e-09
2.566546264137761200e-09
2.568492217629862075e-09
2.563312136799278730e-09
2.567101997058076909e-09
2.561991331810638898e-09
2.565359624374517665e-09
2.562171947181890215e-09
2.563313836977683932e-09
2.563155147161128310e-09
2.561408806400972332e-09
2.564146776179994120e-09
2.560171590070846480e-09
2.564523462181280091e-09
2.559929334665265963e-09
2.564030892654696713e-09
2.560648735248153866e-09
2.562822991033770551e-09
2.561952244911877762e-09
2.561355565377987549e-09
2.563284242681973212e-09
2.560175734054010060e-09
2.564116109557512008e-09
2.559698509026384371e-09
2.564146680437688743e-09
2.560065138479034152e-09
2.563388325666163764e-09
2.561109536075315105e-09
2.562136846556863424e-09
2.562438035012979837e-09
2.560842985642007112e-09
2.563578700535323532e-09
2.559944623575468818e-09
2.564155925471645469e-09
2.559728006487584982e-09
2.563999638890106720e-09
2.560236455839451287e-09
2.563187321821426656e-09
2.561279823770754619e-09
2.561997350359000963e-09
2.562515188073688916e-09
2.560811971372091484e-09
2.563559540230192995e-09
2.559986266266347111e-09
2.564109692698070233e-09
2.559747435878920166e-09
2.564025438766116849e-09
2.560142158623884877e-09
2.563355244971590421e-09
2.561033812497969242e-09
2.562308538725952562e-09
2.562159882415707829e-09
2.561180740819598704e-09
2.563210623927299438e-09
2.560272965458759501e-09
2.563916304357489066e-09
2.559806473410981274e-09
2.564112460718285126e-09
2.559884034093596101e-09
2.563772850826035182e-09
2.560462448928966566e-09
2.562998283345001899e-09
2.561382005591156865e-09
2.561990513010697710e-09
2.562417327026374852e-09
2.560989706690453279e-09
2.563327485100206668e-09
2.560216095524610922e-09
2.563920704918020725e-09
2.559830162315251371e-09
2.564082564331947691e-09
2.559897523041384641e-09
2.563797677779859005e-09
2.560380927765348011e-09
2.563140759748861324e-09
2.561167459522704394e-09
2.562260095551326538e-09
2.562092263254208277e-09
2.561335000383245419e-09
2.562972212959377207e-09
2.560537845553330628e-09
2.563648676661461252e-09
2.560007114663700420e-09
2.564008909823004053e-09
2.559825051079796933e-09
2.564006524580362847e-09
2.560007817659127196e-09
2.563658364610354372e-09
2.560507078307225026e-09
2.563037797902071023e-09
2.561225442083671902e-09
2.562253193533561578e-09
2.562040513584152059e-09
2.561436395648785430e-09
2.562827261104252746e-09
2.560707705281409691e-09
2.563468662045069923e-09
2.560170384873306763e-09
2.563884366219211642e-09
2.559890143023788653e-09
2.564025675671578998e-09
2.559889127337702644e-09
2.563889111603032900e-09
2.560154815249015423e-09
2.563504291713005819e-09
2.560639252460449692e-09
2.562935634895652341e-09
2.561272980680879479e-09
2.562259113846637761e-09
2.561971169286853716e-09
2.561558175894991877e-09
2.562652183245625763e-09
2.560915361563549918e-09
2.563242851592931494e-09
2.560393963546737413e-09
2.563683132318479379e-09
2.560043353150406300e-09
2.563938028026430864e-09
2.559886997788406294e-09
2.563992011062271561e-09
2.559931426537551648e-09
2.563853773476063605e-09
2.560157952651482936e-09
2.563545180589120863e-09
2.560537988182276261e-09
2.563105398707382263e-09
2.561027947444491634e-09
2.562579159572398533e-09
2.561580957388575808e-09
2.562013604980417076e-09
2.562148261369743670e-09
2.561455083679381634e-09
2.562686894413631817e-09
2.560945026329759835e-09
2.563158690922864134e-09
2.560515727650012107e-09
2.563537387933566527e-09
2.560192591065925395e-09
2.563801446792240966e-09
2.559987938001859092e-09
2.563942888844549856e-09
2.559906714198159704e-09
2.563962459086040803e-09
2.559944626727160541e-09
2.563868097393525737e-09
2.560091558841035091e-09
2.563671028815961611e-09
2.560328485474078055e-09
2.563391978361692186e-09
2.560638382290575386e-09
2.563050000029874202e-09
2.561001090831500814e-09
2.562667770556036593e-09
2.561395237208277177e-09
2.562266462632395626e-09
2.561799818071893286e-09
2.561861962857566281e-09
2.562197566865630507e-09
2.561476011547486532e-09
2.562573616680573593e-09
2.561116989877423801e-09
2.562915184503344663e-09
2.560797681115192176e-09
2.563211771631891389e-09
2.560523087106492105e-09
2.563459756276084915e-09
2.560301448912138366e-09
2.563655979119380725e-09
2.560133100657342736e-09
2.563800262775751057e-09
2.560016640158296665e-09
2.563890436273404330e-09
2.559948376357932299e-09
2.563933258494357475e-09
2.559929855179340765e-09
2.563933908329343008e-09
2.559951031837179590e-09
2.563894166192649447e-09
2.560008484853763056e-09
2.563821518701810021e-09
2.560095993177988626e-09
2.563719627926165270e-09
2.560205706066107585e-09
2.563596071831479399e-09
2.560335694191041167e-09
2.563458000110269731e-09
2.560481509685736030e-09
2.563309137298212026e-09
2.560635895524772040e-09
2.563154673408385001e-09
2.560794645577312218e-09
2.562994461594911002e-09
2.560951965681104133e-09
2.562835338002861887e-09
2.561109567092614010e-09
2.562680892615644482e-09
2.561261111340515341e-09
2.562532386862411228e-09
2.561406488012606789e-09
2.562390888569499402e-09
2.561544519679741827e-09
2.562260680163155100e-09
2.561672143934130887e-09
2.562138923884900226e-09
2.561788540542572797e-09
2.562028416615264289e-09
2.561892429715632263e-09
2.561927753417523345e-09
2.561985084963116105e-09
2.561841525244679184e-09
2.562068606992498922e-09
2.561767241184860173e-09
2.562140017387916335e-09
2.561704239787866452e-09
2.562197919307519072e-09
2.561651007358107847e-09
2.562243665536004894e-09
2.561611323414864503e-09
2.562277722437759316e-09
2.561582167249813172e-09
2.562299881998974611e-09
2.561565458382163675e-09
2.562312018261641808e-09
2.561559212761247988e-09
2.562312018261641808e-09
2.561565458382163675e-09
2.562299881998974611e-09
2.561582167249813172e-09
2.562277722437759316e-09
2.561611323414864503e-09
2.562243665536004894e-09
2.561651007358107847e-09
2.562197919307519072e-09
2.561704239787866452e-09
2.562140017387916335e-09
2.561767241184860173e-09
2.562068606992498922e-09
2.561841525244679184e-09
2.561985084963116105e-09
2.561927753417523345e-09
2.561892429715632263e-09
2.562028416615264289e-09
2.561788540542572797e-09
2.562138923884900226e-09
2.561672143934130887e-09
2.562260680163155100e-09
2.561544519679741827e-09
2.562390888569499402e-09
2.561406488012606789e-09
2.562532386862411228e-09
2.561261111340515341e-09
2.562680892615644482e-09
2.561109567092614010e-09
2.562835338002861887e-09
2.560951965681104133e-09
2.562994461594911002e-09
2.560794645577312218e-09
2.563154673408385001e-09
2.560635895524772040e-09
2.563309137298212026e-09
2.560481509685736030e-09
2.563458000110269731e-09
2.560335694191041167e-09
2.563596071831479399e-09
2.560205706066107585e-09
2.563719627926165270e-09
2.560095993177988626e-09
2.563821518701810021e-09
2.560008484853763056e-09
2.563894166192649447e-09
2.559951031837179590e-09
2.563933908329343008e-09
2.559929855179340765e-09
2.563933258494357475e-09
2.559948376357932299e-09
2.563890436273404330e-09
2.560016640158296665e-09
2.563800262775751057e-09
2.560133100657342736e-09
2.563655979119380725e-09
2.560301448912138366e-09
2.563459756276084915e-09
2.560523087106492105e-09
2.563211771631891389e-09
2.560797681115192176e-09
2.562915184503344663e-09
2.561116989877423801e-09
2.562573616680573593e-09
2.561476011547486532e-09
2.562197566865630507e-09
2.561861962857566281e-09
2.561799818071893286e-09
2.562266462632395626e-09
2.561395237208277177e-09
2.562667770556036593e-09
2.561001090831500814e-09
2.563050000029874202e-09
2.560638382290575386e-09
2.563391978361692186e-09
2.560328485474078055e-09
2.563671028815961611e-09
2.560091558841035091e-09
2.563868097393525737e-09
2.559944626727160541e-09
2.563962459086040803e-09
2.559906714198159704e-09
2.563942888844549856e-09
2.559987938001859092e-09
2.563801446792240966e-09
2.560192591065925395e-09
2.563537387933566527e-09
2.560515727650012107e-09
2.563158690922864134e-09
2.560945026329759835e-09
2.562686894413631817e-09
2.561455083679381634e-09
2.562148261369743670e-09
2.562013604980417076e-09
2.561580957388575808e-09
2.562579159572398533e-09
2.561027947444491634e-09
2.563105398706245717e-09
2.560537988143054665e-09
2.563545180603238768e-09
2.560157952661826416e-09
2.563853773353849324e-09
2.559931426498463228e-09
2.563992010839857169e-09
2.559886997418914227e-09
2.563938027817125218e-09
2.560043353081181209e-09
2.563683132346131613e-09
2.560393963236392895e-09
2.563242850686852741e-09
2.560915360719597391e-09
2.562652182006171302e-09
2.561558174730327778e-09
2.561971168677529729e-09
2.562259113633456360e-09
2.561272981100093786e-09
2.562935635370264175e-09
2.560639252595925333e-09
2.563504292103113709e-09
2.560154815267550472e-09
2.563889111666637299e-09
2.559889127367103952e-09
2.564025675735071727e-09
2.559890143631351572e-09
2.563884366954770421e-09
2.560170385362403770e-09
2.563468661904057135e-09
2.560707704631443012e-09
2.562827260611645598e-09
2.561436395690950548e-09
2.562040513455180540e-09
2.562253193374534037e-09
2.561225442160096359e-09
2.563037797692240944e-09
2.560507078547485425e-09
2.563658365361714369e-09
2.560007819117215419e-09
2.564006525630582372e-09
2.559825051720781258e-09
2.564008910299908004e-09
2.560007115163424216e-09
2.563648676711510228e-09
2.560537846191061237e-09
2.562972214190104085e-09
2.561335001533240711e-09
2.562092265148887391e-09
2.562260097913210083e-09
2.561167462187788510e-09
2.563140762380580697e-09
2.560380929842402665e-09
2.563797680149310011e-09
2.559897524658412310e-09
2.564082565577100599e-09
2.559830162479879752e-09
2.563920704908655386e-09
2.560216095182533275e-09
2.563327484566601140e-09
2.560989705431215967e-09
2.562417326324322265e-09
2.561990512115405392e-09
2.561382004894652591e-09
2.562998281912742391e-09
2.560462447653174888e-09
2.563772849450181947e-09
2.559884032417630572e-09
2.564112459679088610e-09
2.559806472495811391e-09
2.563916303249224209e-09
2.560272964162402872e-09
2.563210622706834562e-09
2.561180739570477397e-09
2.562159881142339790e-09
2.562308536793681398e-09
2.561033810414237586e-09
2.563355242167204126e-09
2.560142156054455513e-09
2.564025435907444345e-09
2.559747433533665019e-09
2.564109690439902316e-09
2.559986263528636124e-09
2.563559536641997649e-09
2.560811967088188853e-09
2.562515184605764390e-09
2.561997346965640979e-09
2.561279819902248856e-09
2.563187319237024082e-09
2.560236452527507796e-09
2.563999635403346465e-09
2.559728002095739830e-09
2.564155921550381713e-09
2.559944619647119433e-09
2.563578696463619611e-09
2.560842981765794921e-09
2.562438030968280882e-09
2.562136842919932250e-09
2.561109532658137696e-09
2.563388322856848713e-09
2.560065136515784661e-09
2.564146678631322327e-09
2.559698506726404128e-09
2.564116106680900851e-09
2.560175730669061675e-09
2.563284239051377001e-09
2.561355562162033818e-09
2.561952241524449490e-09
2.562822988519958743e-09
2.560648732830503046e-09
2.564030891119790295e-09
2.559929333121778373e-09
2.564523460900061281e-09
2.560171589428731399e-09
2.564146775112824424e-09
2.561408805500612705e-09
2.563155146339488980e-09
2.563313835960247229e-09
2.562171946485382219e-09
2.565359622910445618e-09
2.561991330086663393e-09
2.567101994832488328e-09
2.563312134513893675e-09
2.568492215700873164e-09
2.566546261860370433e-09
2.570104100507473352e-09
2.571815363956468900e-09
2.573173648779764297e-09
2.579195915339272726e-09
2.579451321406840979e-09
2.589183126544213555e-09
2.591023694799870715e-09
2.603266872596809210e-09
2.610244577492543014e-09
2.624436496350988482e-09
2.640021510809096433e-09
2.657548056914535904e-09
2.684533707370335982e-09
2.709587795678284533e-09
2.750369679278815662e-09
2.790058688305277258e-09
2.847977187459372254e-09
2.911805561124508377e-09
2.993216688902568386e-09
3.092588814069400886e-09
3.209043673292691200e-09
3.357598659704886663e-09
3.527505227359135733e-09
3.742879131466323070e-09
3.992467397571724009e-09
4.299561580698185100e-09
4.663614919689944359e-09
5.098793383977070003e-09
5.622141108221912374e-09
6.237556971855460477e-09
6.978341001494515214e-09
7.845807103101587456e-09
8.881019136864703307e-09
1.009560023190775576e-08
1.152853154827142142e-08
1.321282964857118782e-08
1.518144518233018305e-08
1.749186965849310444e-08
2.017704213799582788e-08
2.331288470727876556e-08
2.694620233426433744e-08
3.116126072554982800e-08
3.603307185872176561e-08
4.164848275574696070e-08
4.811743339403570603e-08
5.553397280976618808e-08
6.403887741703439425e-08
7.374759536923114413e-08
8.482114547548563636e-08
9.741234627920811575e-08
1.116946095149289771e-07
1.278660345086812483e-07
1.461148961414173668e-07
1.666795920213095059e-07
1.897759100566957624e-07
2.156686656994107477e-07
2.446153137416656163e-07
2.768946072602229435e-07
3.128098456869316766e-07
3.526513250138984476e-07
3.967566911631840484e-07
4.454351257507976643e-07
4.990362989668518639e-07
5.578951971119132029e-07
6.223522397660078203e-07
6.927620320646715776e-07
7.694450311514314639e-07
8.527510173144045408e-07
9.429788634361496480e-07
1.040438302623577238e-06
1.145401912837497289e-06
1.258107933890790617e-06
1.378781897578384075e-06
1.507572434107984982e-06
1.644619228630995048e-06
1.789972580056155395e-06
1.943641755038195541e-06
2.105564967515887833e-06
2.275588083114627213e-06
2.453507326886972661e-06
2.638991379135100294e-06
2.831652357127022545e-06
3.030978648174625073e-06
3.236362334100344181e-06
3.447102797857623273e-06
3.662359957610968871e-06
3.881223238602808800e-06
4.102633577665973351e-06
4.325449536443554978e-06
4.548415734172395819e-06
4.770161298032395288e-06
4.989250296082124860e-06
5.204117822865830650e-06
5.413157708513617497e-06
5.614669484162751932e-06
5.806901652686024585e-06
5.988076804929572526e-06
6.156356698081761005e-06
6.309934184414956200e-06
6.446972913307129657e-06
6.565684418769349543e-06
6.664327292182545113e-06
6.741203945443521013e-06
6.794742025195185840e-06
6.823435246955919800e-06
6.825938034387713931e-06
6.801039741122343571e-06
6.747685944631893822e-06
6.665038208523431880e-06
6.552417076440672961e-06
6.409397837573672210e-06
6.235760217049547696e-06
6.031522134422444777e-06
5.796971231597981623e-06
5.532606221100778065e-06
5.239221313088064617e-06
4.917832203300972600e-06
4.569711022211929354e-06
4.196388632214586075e-06
3.799590091527271403e-06
3.381302710517035700e-06
2.943681348754978649e-06
2.489078430504332649e-06
2.020022795190403616e-06
1.539148075077657906e-06
1.049247528518842708e-06
5.531656491625265268e-07
5.382349155867500569e-08
-4.458139670025284830e-07
-9.428139543624247579e-07
-1.434224564879567827e-06
-1.917186410276898119e-06
-2.388907710522700564e-06
-2.846692831818813338e-06
-3.288018396701231402e-06
-3.710473556053740522e-06
-4.111863597819488653e-06
-4.490181535501889309e-06
-4.843617093896324918e-06
-5.170629916893863478e-06
-5.469872886044233791e-06
-5.740277753682211343e-06
-5.981024512446249118e-06
-6.191519473092601610e-06
-6.371466077702382147e-06
-6.520770654563265853e-06
-6.639602771646344501e-06
-6.728371024105663713e-06
-6.787665341870683581e-06
-6.818328396265021886e-06
-6.821353390907867847e-06
-6.797913251845044600e-06
-6.749357264689230818e-06
-6.677120620702193526e-06
-6.582796951242178103e-06
-6.468047708242143429e-06
-6.334594188234718731e-06
-6.184248784474058878e-06
-6.018804235223939510e-06
-5.840099273601803787e-06
-5.649965065364308785e-06
-5.450175404955073761e-06
-5.242515843155192712e-06
-5.028676441816050396e-06
-4.810290991786395087e-06
-4.588943321088793761e-06
-4.366079538186936468e-06
-4.143097390534296780e-06
-3.921277383550950735e-06
-3.701770997419453260e-06
-3.485671693569389157e-06
-3.273913720826096741e-06
-3.067340212096255571e-06
-2.866707473408952077e-06
-2.672613357019411139e-06
-2.485602194067573417e-06
-2.306100024666344214e-06
-2.134413344007453010e-06
-1.970813238215575176e-06
-1.815437943951693727e-06
-1.668363081594565458e-06
-1.529625183247192288e-06
-1.399140410278265701e-06
-1.276814741762925331e-06
-1.162499582467321689e-06
-1.055962534657890458e-06
-9.569941921788101454e-07
-8.653164007377424956e-07
-7.806161984699464626e-07
-7.026137939528873009e-07
-6.309567840987336681e-07
-5.653059723656654708e-07
-5.053472410275624582e-07
-4.507026769496769807e-07
-4.010448291704156081e-07
-3.560532144762687070e-07
-3.153621677135079560e-07
-2.786789352870709067e-07
-2.456971812241416744e-07
-2.160885622024406324e-07
-1.896062087803316676e-07
-1.659714882592928997e-07
-1.449065192868837766e-07
-1.262134222041982714e-07
-1.096485385789456129e-07
-9.498795337604880503e-08
-8.208103211281261499e-08
-7.072110881939530423e-08
-6.073489638366214491e-08
-5.201488626278198909e-08
-4.438956688033650569e-08
-3.772861062559534862e-08
-3.196289317686629153e-08
-2.695201590664309297e-08
-2.259833694668928798e-08
-1.886683389183499063e-08
-1.564389140328489248e-08
-1.285244198945533166e-08
-1.048803781307889659e-08
-8.461678330873278860e-09
-6.702882857841455896e-09
-5.233787243292802622e-09
-3.993552572700464492e-09
-2.902792785305802428e-09
-2.001457146401953506e-09
-1.270921364441654505e-09
-6.177060301957519053e-10
-1.225651517552121725e-10
6.454997862862916687e-11
2.885143469155817299e-11
-1.594421171651875174e-11
-5.404737171344741213e-12
5.813792258142351244e-12
3.727580509729137454e-13
-2.032826784061815399e-12
4.227554183348512468e-13
5.720392048741774071e-13
-3.127509896950215689e-13
-9.578298452901127390e-14
1.352688780617729341e-13
-1.357194617135916541e-14
-3.977790220654666293e-14
1.866645046938559504e-14
6.038086059253490065e-15
-8.295189451767608422e-15
1.267498936363049863e-15
2.140035719499451528e-15
-1.259623053731312662e-15
-1.578627448014523030e-16
4.586762995426326132e-16
-1.441552319471602922e-16
-7.988414804658693853e-17
7.871672187218332159e-17
-1.010417351450210030e-17
-1.937203479790481359e-17
1.170500734938881237e-17
5.156463807149314900e-19
-3.721055739845347761e-18
1.558406379000449518e-18
3.736667001042965454e-19
-6.313807245295066957e-19
1.883814490629723056e-19
9.380082373722263693e-20
-9.916411830909770563e-20
2.072249064166694756e-20
1.831961184132945822e-20
-1.480653486990259768e-20
2.057944174689824714e-21
3.159824792198169784e-21
-2.139655352732998639e-21
1.809924863423715636e-22
5.043935694902611355e-22
-3.031013609509077246e-22
1.372837852434529674e-23
7.621427773116866177e-23
-4.247193657668582212e-23
9.342935802726195875e-25
1.100678319525451694e-23
