0.000000000000000000e+00
0.000000000000000000e+00
0.000000000000000000e+00
0.000000000000000000e+00
0.000000000000000000e+00
0.000000000000000000e+00
0.000000000000000000e+00
0.000000000000000000e+00
0.000000000000000000e+00
0.000000000000000000e+00
0.000000000000000000e+00
0.000000000000000000e+00
0.000000000000000000e+00
0.000000000000000000e+00
0.000000000000000000e+00
0.000000000000000000e+00
0.000000000000000000e+00
0.000000000000000000e+00
0.000000000000000000e+00
0.000000000000000000e+00
0.000000000000000000e+00
0.000000000000000000e+00
0.000000000000000000e+00
0.000000000000000000e+00
0.000000000000000000e+00
0.000000000000000000e+00
0.000000000000000000e+00
0.000000000000000000e+00
0.000000000000000000e+00
0.000000000000000000e+00
0.000000000000000000e+00
0.000000000000000000e+00
0.000000000000000000e+00
0.000000000000000000e+00
0.000000000000000000e+00
0.000000000000000000e+00
0.000000000000000000e+00
0.000000000000000000e+00
0.000000000000000000e+00
0.000000000000000000e+00
0.000000000000000000e+00
0.000000000000000000e+00
0.000000000000000000e+00
0.000000000000000000e+00
0.000000000000000000e+00
0.000000000000000000e+00
0.000000000000000000e+00
0.000000000000000000e+00
0.000000000000000000e+00
0.000000000000000000e+00
0.000000000000000000e+00
0.000000000000000000e+00
0.000000000000000000e+00
0.000000000000000000e+00
0.000000000000000000e+00
0.000000000000000000e+00
0.000000000000000000e+00
0.000000000000000000e+00
0.000000000000000000e+00
0.000000000000000000e+00
0.000000000000000000e+00
0.000000000000000000e+00
0.000000000000000000e+00
0.000000000000000000e+00
0.000000000000000000e+00
0.000000000000000000e+00
0.000000000000000000e+00
0.000000000000000000e+00
0.000000000000000000e+00
0.000000000000000000e+00
0.000000000000000000e+00
0.000000000000000000e+00
0.000000000000000000e+00
0.000000000000000000e+00
0.000000000000000000e+00
0.000000000000000000e+00
0.000000000000000000e+00
0.000000000000000000e+00
0.000000000000000000e+00
0.000000000000000000e+00
0.000000000000000000e+00
0.000000000000000000e+00
0.000000000000000000e+00
0.000000000000000000e+00
0.000000000000000000e+00
0.000000000000000000e+00
0.000000000000000000e+00
0.000000000000000000e+00
0.000000000000000000e+00
0.000000000000000000e+00
0.000000000000000000e+00
0.000000000000000000e+00
0.000000000000000000e+00
0.000000000000000000e+00
0.000000000000000000e+00
0.000000000000000000e+00
0.000000000000000000e+00
0.000000000000000000e+00
0.000000000000000000e+00
0.000000000000000000e+00
0.000000000000000000e+00
0.000000000000000000e+00
0.000000000000000000e+00
0.000000000000000000e+00
0.000000000000000000e+00
0.000000000000000000e+00
0.000000000000000000e+00
0.000000000000000000e+00
0.000000000000000000e+00
0.000000000000000000e+00
0.000000000000000000e+00
0.000000000000000000e+00
0.000000000000000000e+00
0.000000000000000000e+00
0.000000000000000000e+00
0.000000000000000000e+00
0.000000000000000000e+00
0.000000000000000000e+00
0.000000000000000000e+00
0.000000000000000000e+00
0.000000000000000000e+00
0.000000000000000000e+00
0.000000000000000000e+00
0.000000000000000000e+00
0.000000000000000000e+00
0.000000000000000000e+00
0.000000000000000000e+00
0.000000000000000000e+00
0.000000000000000000e+00
0.000000000000000000e+00
0.000000000000000000e+00
0.000000000000000000e+00
0.000000000000000000e+00
0.000000000000000000e+00
0.000000000000000000e+00
0.000000000000000000e+00
0.000000000000000000e+00
0.000000000000000000e+00
0.000000000000000000e+00
0.000000000000000000e+00
0.000000000000000000e+00
0.000000000000000000e+00
0.000000000000000000e+00
0.000000000000000000e+00
0.000000000000000000e+00
0.000000000000000000e+00
0.000000000000000000e+00
0.000000000000000000e+00
0.000000000000000000e+00
0.000000000000000000e+00
0.000000000000000000e+00
0.000000000000000000e+00
0.000000000000000000e+00
0.000000000000000000e+00
0.000000000000000000e+00
0.000000000000000000e+00
0.000000000000000000e+00
0.000000000000000000e+00
0.000000000000000000e+00
0.000000000000000000e+00
0.000000000000000000e+00
0.000000000000000000e+00
0.000000000000000000e+00
0.000000000000000000e+00
0.000000000000000000e+00
0.000000000000000000e+00
0.000000000000000000e+00
0.000000000000000000e+00
0.000000000000000000e+00
0.000000000000000000e+00
0.000000000000000000e+00
0.000000000000000000e+00
0.000000000000000000e+00
0.000000000000000000e+00
0.000000000000000000e+00
0.000000000000000000e+00
0.000000000000000000e+00
-1.401298393525264487e-52
-1.078999763014452839e-51
3.979687437611748474e-51
4.821967995893647801e-66
-1.420916571034621113e-50
4.959195014685910049e-50
-8.766522749894048105e-50
1.605887958979963117e-50
4.764274408146541841e-49
-1.686953071045390901e-48
2.936729069278769478e-48
-1.060222364541281499e-49
-1.657660329427135513e-47
5.609648301694078305e-47
-9.200782319450742139e-47
-1.481039278608836837e-47
5.738463497297921498e-46
-1.813160100014285408e-45
2.724664669907367845e-45
1.290214457078977621e-45
-1.957345895272086574e-44
5.668359422541940162e-44
-7.499754712438181133e-44
-7.284216673715430635e-44
6.527105331145649167e-43
-1.700863227087954296e-42
1.860089456746264952e-42
3.408282399254729740e-42
-2.109027629319030558e-41
4.845634932505763981e-41
-3.865405022628978345e-41
-1.411621326234494504e-40
6.537851954607169255e-40
-1.289406356377599084e-39
5.148329748993711513e-40
5.306720280686014287e-39
-1.921812837953365708e-38
3.117827861393580560e-38
5.873765757150919130e-39
-1.827587328055618260e-37
5.276915078796381559e-37
-6.479833890458685883e-37
-7.927031361673621069e-37
5.768117927163379319e-36
-1.323919560779096232e-35
9.853147391602861167e-36
3.876173034264308183e-35
-1.656747553325157018e-34
2.920263190677895227e-34
-1.696783233093014153e-35
-1.430384196511730076e-33
4.260724808304965126e-33
-5.187715340405083552e-33
-6.333005939207821670e-33
4.410347256881939177e-32
-9.490023673300508710e-32
5.243213296643845100e-32
3.186599903976252277e-31
-1.156740737348855840e-30
1.692821840115910795e-30
8.942381214990137900e-31
-1.068081922890715743e-29
2.522121092240511042e-29
-1.810703346814330866e-29
-7.095347411763620764e-29
2.790488881484957722e-28
-4.186986484190038683e-28
-1.890473140798765885e-28
2.468351731680035648e-27
-5.673970463545202108e-27
3.514747479830804246e-27
1.700174459813134864e-26
-6.047460573907384522e-26
7.878960102160635459e-26
7.267208924304914287e-26
-5.424918150745023917e-25
1.048594478988460533e-24
-2.092076921500794195e-25
-4.152105419359212152e-24
1.123040829123558534e-23
-9.340466495321269859e-24
-2.643803330483431878e-23
1.048054902358028181e-22
-1.372244534396022940e-22
-1.249004688194157971e-22
8.832560300337093955e-22
-1.535474750992955122e-21
-1.796729989803093599e-22
6.876683423211964497e-21
-1.489238389870521760e-20
4.949240564577626521e-21
5.048650370249964369e-20
-1.316117605997562879e-19
8.109443221799563509e-20
3.581996007969256227e-19
-1.088793915711028079e-18
8.588187068500062497e-19
2.535207955898145364e-18
-8.572605355694427787e-18
7.399762494655290484e-18
1.853358721306807946e-17
-6.479597063363684217e-17
5.409831970880571019e-17
1.430702254544054612e-16
-4.697251191980299360e-16
3.244113756413566155e-16
1.156537292531912331e-15
-3.216925364613373787e-15
1.306286341668098489e-15
9.415432872403666587e-15
-2.001570164330341846e-14
-1.677605559117892057e-15
7.295006970539356606e-14
-1.022491474471255552e-13
-1.057345988652097161e-13
4.920181213302290510e-13
-2.894616908958568454e-13
-1.264521578306102824e-12
2.520629992442663792e-12
1.128223697402501343e-12
-1.040604526726276113e-11
9.452269612438521911e-12
4.110323319870811611e-11
-1.148295962490251067e-10
-6.008001503135499246e-10
-1.273222556345022540e-09
-2.006866345404006459e-09
-2.904065708502465187e-09
-3.996807936476676603e-09
-5.235072809410730701e-09
-6.709250754846596378e-09
-8.468165392415249999e-09
-1.048666046282518062e-08
-1.286273215156348609e-08
-1.565386600077581208e-08
-1.886444085889208748e-08
-2.261339858006644946e-08
-2.696444506039562828e-08
-3.196135744924719922e-08
-3.774988793363954247e-08
-4.440282290538081196e-08
-5.201690218858664837e-08
-6.076312732516264441e-08
-7.073368285225472125e-08
-8.209023494259055000e-08
-9.502205168939031055e-08
-1.096602192224311870e-07
-1.262334008918299105e-07
-1.449432961113393753e-07
-1.659844909505871620e-07
-1.896384042314091400e-07
-2.161240628109580491e-07
-2.457158842492139849e-07
-2.787206687431694876e-07
-3.153943241855777015e-07
-3.560814417132888096e-07
-4.010896454049503415e-07
-4.507330366204379904e-07
-5.053842335242520299e-07
-5.653472444730695670e-07
-6.309884569092804705e-07
-7.026526884803906781e-07
-7.806511790427998677e-07
-8.653485777271167222e-07
-9.570259880866571274e-07
-1.055991581249137999e-06
-1.162524307050119009e-06
-1.276834547697579552e-06
-1.399160428937869721e-06
-1.529632021624542107e-06
-1.668370280623573334e-06
-1.815438098552257162e-06
-1.970797848658297563e-06
-2.134403461241729660e-06
-2.306068350215925215e-06
-2.485566423174974808e-06
-2.672573286168168986e-06
-2.866642131211075793e-06
-3.067281269433142551e-06
-3.273831663950291430e-06
-3.485579563747488587e-06
-3.701676943299964825e-06
-3.921156275401472158e-06
-4.142979965308838414e-06
-4.365943221770052868e-06
-4.588795866682862763e-06
-4.810141955916116692e-06
-5.028508204752889381e-06
-5.242348445500939579e-06
-5.449997687158403729e-06
-5.649781938110086344e-06
-5.839914963833403285e-06
-6.018616320641432827e-06
-6.184060881916901818e-06
-6.334409012859057371e-06
-6.467866774362207710e-06
-6.582618470265834263e-06
-6.676957161678960130e-06
-6.749195407276675338e-06
-6.797770533133792345e-06
-6.821223347073773290e-06
-6.818209431533614888e-06
-6.787575975751018182e-06
-6.728287448382432642e-06
-6.639553050284874622e-06
-6.520737384822872361e-06
-6.371455272012245834e-06
-6.191542329857573059e-06
-5.981059960443446124e-06
-5.740351861903726446e-06
-5.469963729128766128e-06
-5.170749733365353461e-06
-4.843763786901752791e-06
-4.490346936560817153e-06
-4.112057733569697286e-06
-3.710684477083784071e-06
-3.288250939549501976e-06
-2.846942155207321409e-06
-2.389172722941920410e-06
-1.917461726766535310e-06
-1.434514364755322361e-06
-9.431045558394181481e-07
-4.461147667990193541e-07
5.352491049735352905e-08
5.528700766773251429e-07
1.048950183832930333e-06
1.538869320198250903e-06
2.019741529699844978e-06
2.488822148484436437e-06
2.943432656422451687e-06
3.381074157472490938e-06
3.799384856182477272e-06
4.196197077171457295e-06
4.569552479111362318e-06
4.917688427032339714e-06
5.239109631956872208e-06
5.532516392937422513e-06
5.796908224241687837e-06
6.031485412176536700e-06
6.235748509843509252e-06
6.409409890366528179e-06
6.552455585631834569e-06
6.665095621963677044e-06
6.747767863840185535e-06
6.801140084779828631e-06
6.826053905592178242e-06
6.823573418085505554e-06
6.794884273630311908e-06
6.741369895956079238e-06
6.664491303106424394e-06
6.565865441756094216e-06
6.447153999039034214e-06
6.310119577315242920e-06
6.156546961418522198e-06
5.988260286995261225e-06
5.807090520943826977e-06
5.614847438821757841e-06
5.413335667069727128e-06
5.204285938426403909e-06
4.989411923696129139e-06
4.770313449171210626e-06
4.548559318281247101e-06
4.325579942063426687e-06
4.102758183131583557e-06
3.881329417633190047e-06
3.662463224909648253e-06
3.447186256336124184e-06
3.236441135522775900e-06
3.031042648130260524e-06
2.831705395229204694e-06
2.639038045196422177e-06
2.453536893831476543e-06
2.275617457901143931e-06
2.105576063825971365e-06
1.943653396914619031e-06
1.789970236419281563e-06
1.644614505900568703e-06
1.507559565718005839e-06
1.378764725229912568e-06
1.258085449693551550e-06
1.145377279186126523e-06
1.040406955309844602e-06
9.429505021291541322e-07
8.527131689340555450e-07
7.694142270999866672e-07
6.927217141622602210e-07
6.223186142574750715e-07
5.578564839131223697e-07
4.989997245435334847e-07
4.454002721414812751e-07
3.967186517062890511e-07
3.526201893162997192e-07
3.127731771021173900e-07
2.768657327069907597e-07
2.445826669570931459e-07
2.156410461435510410e-07
1.897482650502606004e-07
1.666537678661308202e-07
1.460912514868282871e-07
1.278437515590665075e-07
1.116730300785231436e-07
9.739520733190153837e-08
8.480031078299772417e-08
7.373579442854103319e-08
6.401898029911030213e-08
5.552607055741191435e-08
4.809987298546721398e-08
4.164228836691788669e-08
3.601927364674178703e-08
3.115517326327094481e-08
2.693647000342987933e-08
2.330672594154132651e-08
2.017023747750926940e-08
1.748672242848752842e-08
1.517563754371138501e-08
1.321006929203407642e-08
1.152212930921682067e-08
1.009581561441107180e-08
8.873639522905332427e-09
7.848277630488946979e-09
6.970745465628786002e-09
6.241934566835178916e-09
5.608244767876968592e-09
5.193565667617021934e-09
5.608244767876968592e-09
6.241934566835178916e-09
6.970745465628786002e-09
7.848277630488946979e-09
8.873639522905332427e-09
1.009581561441107180e-08
1.152212930921682067e-08
1.321006929203407642e-08
1.517563754371138501e-08
1.748672242848752842e-08
2.017023747750926940e-08
2.330672594154132651e-08
2.693647000342987933e-08
3.115517326327094481e-08
3.601927364674178703e-08
4.164228836691788669e-08
4.809987298546721398e-08
5.552607055741191435e-08
6.401898029911030213e-08
7.373579442854103319e-08
8.480031078299772417e-08
9.739520733190153837e-08
1.116730300785231436e-07
1.278437515590665075e-07
1.460912514868282871e-07
1.666537678661308202e-07
1.897482650502606004e-07
2.156410461435510410e-07
2.445826669570931459e-07
2.768657327069907597e-07
3.127731771021173900e-07
3.526201893162997192e-07
3.967186517062890511e-07
4.454002721414812751e-07
4.989997245435334847e-07
5.578564839131223697e-07
6.223186142574750715e-07
6.927217141622602210e-07
7.694142270999866672e-07
8.527131689340555450e-07
9.429505021291541322e-07
1.040406955309844602e-06
1.145377279186126523e-06
1.258085449693551550e-06
1.378764725229912568e-06
1.507559565718005839e-06
1.644614505900568703e-06
1.789970236419281563e-06
1.943653396914619031e-06
2.105576063825971365e-06
2.275617457901143931e-06
2.453536893831476543e-06
2.639038045196422177e-06
2.831705395229204694e-06
3.031042648130260524e-06
3.236441135522775900e-06
3.447186256336124184e-06
3.662463224909648253e-06
3.881329417633190047e-06
4.102758183131583557e-06
4.325579942063426687e-06
4.548559318281247101e-06
4.770313449171210626e-06
4.989411923696129139e-06
5.204285938426403909e-06
5.413335667069727128e-06
5.614847438821757841e-06
5.807090520943826977e-06
5.988260286995261225e-06
6.156546961418522198e-06
6.310119577315242920e-06
6.447153999039034214e-06
6.565865441756094216e-06
6.664491303106424394e-06
6.741369895956079238e-06
6.794884273630311908e-06
6.823573418085505554e-06
6.826053905592178242e-06
6.801140084779828631e-06
6.747767863840185535e-06
6.665095621963677044e-06
6.552455585631834569e-06
6.409409890366528179e-06
6.235748509843509252e-06
6.031485412176536700e-06
5.796908224241687837e-06
5.532516392937422513e-06
5.239109631956872208e-06
4.917688427032339714e-06
4.569552479111362318e-06
4.196197077171457295e-06
3.799384856182477272e-06
3.381074157472490938e-06
2.943432656422451687e-06
2.488822148484436437e-06
2.019741529699844978e-06
1.538869320198250903e-06
1.048950183832930333e-06
5.528700766773251429e-07
5.352491049735352905e-08
-4.461147667990193541e-07
-9.431045558394181481e-07
-1.434514364755322361e-06
-1.917461726766535310e-06
-2.389172722941920410e-06
-2.846942155207321409e-06
-3.288250939549501976e-06
-3.710684477083784071e-06
-4.112057733569697286e-06
-4.490346936560817153e-06
-4.843763786901752791e-06
-5.170749733365353461e-06
-5.469963729128766128e-06
-5.740351861903726446e-06
-5.981059960443446124e-06
-6.191542329857573059e-06
-6.371455272012245834e-06
-6.520737384822872361e-06
-6.639553050284874622e-06
-6.728287448382432642e-06
-6.787575975751018182e-06
-6.818209431533614888e-06
-6.821223347073773290e-06
-6.797770533133792345e-06
-6.749195407276675338e-06
-6.676957161678960130e-06
-6.582618470265834263e-06
-6.467866774362207710e-06
-6.334409012859057371e-06
-6.184060881916901818e-06
-6.018616320641432827e-06
-5.839914963833403285e-06
-5.649781938110086344e-06
-5.449997687158403729e-06
-5.242348445500939579e-06
-5.028508204752889381e-06
-4.810141955916116692e-06
-4.588795866682862763e-06
-4.365943221770052868e-06
-4.142979965308838414e-06
-3.921156275401472158e-06
-3.701676943299964825e-06
-3.485579563747488587e-06
-3.273831663950291430e-06
-3.067281269433142551e-06
-2.866642131211075793e-06
-2.672573286168168986e-06
-2.485566423174974808e-06
-2.306068350215925215e-06
-2.134403461241729660e-06
-1.970797848658297563e-06
-1.815438098552257162e-06
-1.668370280623573334e-06
-1.529632021624542107e-06
-1.399160428937869721e-06
-1.276834547697579552e-06
-1.162524307050119009e-06
-1.055991581249137999e-06
-9.570259880866571274e-07
-8.653485777271167222e-07
-7.806511790427998677e-07
-7.026526884803906781e-07
-6.309884569092804705e-07
-5.653472444730695670e-07
-5.053842335242520299e-07
-4.507330366204379904e-07
-4.010896454049503415e-07
-3.560814417132888096e-07
-3.153943241855777015e-07
-2.787206687431694876e-07
-2.457158842492139849e-07
-2.161240628109580491e-07
-1.896384042314091400e-07
-1.659844909505871620e-07
-1.449432961113393753e-07
-1.262334008918299105e-07
-1.096602192224311870e-07
-9.502205168939031055e-08
-8.209023494259055000e-08
-7.073368285225472125e-08
-6.076312732516264441e-08
-5.201690218858664837e-08
-4.440282290538081196e-08
-3.774988793363954247e-08
-3.196135744924719922e-08
-2.696444506039562828e-08
-2.261339858006644946e-08
-1.886444085889208748e-08
-1.565386600077581208e-08
-1.286273215156348609e-08
-1.048666046282518062e-08
-8.468165392415249999e-09
-6.709250754846596378e-09
-5.235072809410730701e-09
-3.996807936476676603e-09
-2.904065708502465187e-09
-2.006866345404006459e-09
-1.273222556345022540e-09
-6.008001503135499246e-10
-1.148295962490251067e-10
4.110323319870811611e-11
9.452269612438521911e-12
-1.040604526726276113e-11
1.128223697402501343e-12
2.520629992442663792e-12
-1.264521578306102824e-12
-2.894616908958568454e-13
4.920181213302290510e-13
-1.057345988652097161e-13
-1.022491474471255552e-13
7.295006970539356606e-14
-1.677605559117892057e-15
-2.001570164330341846e-14
9.415432872403666587e-15
1.306286341668098489e-15
-3.216925364613373787e-15
1.156537292531912331e-15
3.244113756413566155e-16
-4.697251191980299360e-16
1.430702254544054612e-16
5.409831970880571019e-17
-6.479597063363684217e-17
1.853358721306807946e-17
7.399762494655290484e-18
-8.572605355694427787e-18
2.535207955898145364e-18
8.588187068500062497e-19
-1.088793915711028079e-18
3.581996007969256227e-19
8.109443221799563509e-20
-1.316117605997562879e-19
5.048650370249964369e-20
4.949240564577626521e-21
-1.489238389870521760e-20
6.876683423211964497e-21
-1.796729989803093599e-22
-1.535474750992955122e-21
8.832560300337093955e-22
-1.249004688194157971e-22
-1.372244534396022940e-22
1.048054902358028181e-22
-2.643803330483431878e-23
-9.340466495321269859e-24
1.123040829123558534e-23
-4.152105419359212152e-24
-2.092076921500794195e-25
1.048594478988460533e-24
-5.424918150745023917e-25
7.267208924304914287e-26
7.878960102160635459e-26
-6.047460573907384522e-26
1.700174459813134864e-26
3.514747479830804246e-27
-5.673970463545202108e-27
2.468351731680035648e-27
-1.890473140798765885e-28
-4.186986484190038683e-28
2.790488881484957722e-28
-7.095347411763620764e-29
-1.810703346814330866e-29
2.522121092240511042e-29
-1.068081922890715743e-29
8.942381214990137900e-31
1.692821840115910795e-30
-1.156740737348855840e-30
3.186599903976252277e-31
5.243213296643845100e-32
-9.490023673300508710e-32
4.410347256881939177e-32
-6.333005939207821670e-33
-5.187715340405083552e-33
4.260724808304965126e-33
-1.430384196511730076e-33
-1.696783233093014153e-35
2.920263190677895227e-34
-1.656747553325157018e-34
3.876173034264308183e-35
9.853147391602861167e-36
-1.323919560779096232e-35
5.768117927163379319e-36
-7.927031361673621069e-37
-6.479833890458685883e-37
5.276915078796381559e-37
-1.827587328055618260e-37
5.873765757150919130e-39
3.117827861393580560e-38
-1.921812837953365708e-38
5.306720280686014287e-39
5.148329748993711513e-40
-1.289406356377599084e-39
6.537851954607169255e-40
-1.411621326234494504e-40
-3.865405022628978345e-41
4.845634932505763981e-41
-2.109027629319030558e-41
3.408282399254729740e-42
1.860089456746264952e-42
-1.700863227087954296e-42
6.527105331145649167e-43
-7.284216673715430635e-44
-7.499754712438181133e-44
5.668359422541940162e-44
-1.957345895272086574e-44
1.290214457078977621e-45
2.724664669907367845e-45
-1.813160100014285408e-45
5.738463497297921498e-46
-1.481039278608836837e-47
-9.200782319450742139e-47
5.609648301694078305e-47
-1.657660329427135513e-47
-1.060222364541281499e-49
2.936729069278769478e-48
-1.686953071045390901e-48
4.764274408146541841e-49
1.605887958979963117e-50
-8.766522749894048105e-50
4.959195014685910049e-50
-1.420916571034621113e-50
4.821967995893647801e-66
3.979687437611748474e-51
-1.078999763014452839e-51
-1.401298393525264487e-52
0.000000000000000000e+00
0.000000000000000000e+00
0.000000000000000000e+00
0.000000000000000000e+00
0.000000000000000000e+00
0.000000000000000000e+00
0.000000000000000000e+00
0.000000000000000000e+00
0.000000000000000000e+00
0.000000000000000000e+00
0.000000000000000000e+00
0.000000000000000000e+00
0.000000000000000000e+00
0.000000000000000000e+00
0.000000000000000000e+00
0.000000000000000000e+00
0.000000000000000000e+00
0.000000000000000000e+00
0.000000000000000000e+00
0.000000000000000000e+00
0.000000000000000000e+00
0.000000000000000000e+00
0.000000000000000000e+00
0.000000000000000000e+00
0.000000000000000000e+00
0.000000000000000000e+00
0.000000000000000000e+00
0.000000000000000000e+00
0.000000000000000000e+00
0.000000000000000000e+00
0.000000000000000000e+00
0.000000000000000000e+00
0.000000000000000000e+00
0.000000000000000000e+00
0.000000000000000000e+00
0.000000000000000000e+00
0.000000000000000000e+00
0.000000000000000000e+00
0.000000000000000000e+00
0.000000000000000000e+00
0.000000000000000000e+00
0.000000000000000000e+00
0.000000000000000000e+00
0.000000000000000000e+00
0.000000000000000000e+00
0.000000000000000000e+00
0.000000000000000000e+00
0.000000000000000000e+00
0.000000000000000000e+00
0.000000000000000000e+00
0.000000000000000000e+00
0.000000000000000000e+00
0.000000000000000000e+00
0.000000000000000000e+00
0.000000000000000000e+00
0.000000000000000000e+00
0.000000000000000000e+00
0.000000000000000000e+00
0.000000000000000000e+00
0.000000000000000000e+00
0.000000000000000000e+00
0.000000000000000000e+00
0.000000000000000000e+00
0.000000000000000000e+00
0.000000000000000000e+00
0.000000000000000000e+00
0.000000000000000000e+00
0.000000000000000000e+00
0.000000000000000000e+00
0.000000000000000000e+00
0.000000000000000000e+00
0.000000000000000000e+00
0.000000000000000000e+00
0.000000000000000000e+00
0.000000000000000000e+00
0.000000000000000000e+00
0.000000000000000000e+00
0.000000000000000000e+00
0.000000000000000000e+00
0.000000000000000000e+00
0.000000000000000000e+00
0.000000000000000000e+00
0.000000000000000000e+00
0.000000000000000000e+00
0.000000000000000000e+00
0.000000000000000000e+00
0.000000000000000000e+00
0.000000000000000000e+00
0.000000000000000000e+00
0.000000000000000000e+00
0.000000000000000000e+00
0.000000000000000000e+00
0.000000000000000000e+00
0.000000000000000000e+00
0.000000000000000000e+00
0.000000000000000000e+00
0.000000000000000000e+00
0.000000000000000000e+00
0.000000000000000000e+00
0.000000000000000000e+00
0.000000000000000000e+00
0.000000000000000000e+00
0.000000000000000000e+00
0.000000000000000000e+00
0.000000000000000000e+00
0.000000000000000000e+00
0.000000000000000000e+00
0.000000000000000000e+00
0.000000000000000000e+00
0.000000000000000000e+00
0.000000000000000000e+00
0.000000000000000000e+00
0.000000000000000000e+00
0.000000000000000000e+00
0.000000000000000000e+00
0.000000000000000000e+00
0.000000000000000000e+00
0.000000000000000000e+00
0.000000000000000000e+00
0.000000000000000000e+00
0.000000000000000000e+00
0.000000000000000000e+00
0.000000000000000000e+00
0.000000000000000000e+00
0.000000000000000000e+00
0.000000000000000000e+00
0.000000000000000000e+00
0.000000000000000000e+00
0.000000000000000000e+00
0.000000000000000000e+00
0.000000000000000000e+00
0.000000000000000000e+00
0.000000000000000000e+00
0.000000000000000000e+00
0.000000000000000000e+00
0.000000000000000000e+00
0.000000000000000000e+00
0.000000000000000000e+00
0.000000000000000000e+00
0.000000000000000000e+00
0.000000000000000000e+00
0.000000000000000000e+00
0.000000000000000000e+00
0.000000000000000000e+00
0.000000000000000000e+00
0.000000000000000000e+00
0.000000000000000000e+00
0.000000000000000000e+00
0.000000000000000000e+00
0.000000000000000000e+00
0.000000000000000000e+00
0.000000000000000000e+00
0.000000000000000000e+00
0.000000000000000000e+00
0.000000000000000000e+00
0.000000000000000000e+00
0.000000000000000000e+00
0.000000000000000000e+00
0.000000000000000000e+00
0.000000000000000000e+00
0.000000000000000000e+00
0.000000000000000000e+00
0.000000000000000000e+00
0.000000000000000000e+00
0.000000000000000000e+00
0.000000000000000000e+00
0.000000000000000000e+00
0.000000000000000000e+00
0.000000000000000000e+00
0.000000000000000000e+00
0.000000000000000000e+00
0.000000000000000000e+00
0.000000000000000000e+00
0.000000000000000000e+00
0.000000000000000000e+00
0.000000000000000000e+00
0.000000000000000000e+00
