0.000000000000000000e+00
0.000000000000000000e+00
0.000000000000000000e+00
0.000000000000000000e+00
0.000000000000000000e+00
0.000000000000000000e+00
0.000000000000000000e+00
0.000000000000000000e+00
0.000000000000000000e+00
0.000000000000000000e+00
0.000000000000000000e+00
0.000000000000000000e+00
0.000000000000000000e+00
0.000000000000000000e+00
0.000000000000000000e+00
0.000000000000000000e+00
0.000000000000000000e+00
0.000000000000000000e+00
0.000000000000000000e+00
0.000000000000000000e+00
0.000000000000000000e+00
0.000000000000000000e+00
0.000000000000000000e+00
0.000000000000000000e+00
0.000000000000000000e+00
0.000000000000000000e+00
0.000000000000000000e+00
0.000000000000000000e+00
0.000000000000000000e+00
0.000000000000000000e+00
0.000000000000000000e+00
0.000000000000000000e+00
0.000000000000000000e+00
0.000000000000000000e+00
0.000000000000000000e+00
0.000000000000000000e+00
0.000000000000000000e+00
0.000000000000000000e+00
0.000000000000000000e+00
0.000000000000000000e+00
0.000000000000000000e+00
0.000000000000000000e+00
0.000000000000000000e+00
0.000000000000000000e+00
0.000000000000000000e+00
0.000000000000000000e+00
0.000000000000000000e+00
0.000000000000000000e+00
0.000000000000000000e+00
0.000000000000000000e+00
0.000000000000000000e+00
0.000000000000000000e+00
0.000000000000000000e+00
0.000000000000000000e+00
0.000000000000000000e+00
0.000000000000000000e+00
0.000000000000000000e+00
0.000000000000000000e+00
0.000000000000000000e+00
0.000000000000000000e+00
0.000000000000000000e+00
0.000000000000000000e+00
0.000000000000000000e+00
0.000000000000000000e+00
0.000000000000000000e+00
0.000000000000000000e+00
0.000000000000000000e+00
0.000000000000000000e+00
0.000000000000000000e+00
0.000000000000000000e+00
0.000000000000000000e+00
0.000000000000000000e+00
0.000000000000000000e+00
0.000000000000000000e+00
0.000000000000000000e+00
0.000000000000000000e+00
0.000000000000000000e+00
0.000000000000000000e+00
0.000000000000000000e+00
0.000000000000000000e+00
0.000000000000000000e+00
0.000000000000000000e+00
0.000000000000000000e+00
0.000000000000000000e+00
0.000000000000000000e+00
0.000000000000000000e+00
0.000000000000000000e+00
0.000000000000000000e+00
0.000000000000000000e+00
0.000000000000000000e+00
0.000000000000000000e+00
0.000000000000000000e+00
0.000000000000000000e+00
0.000000000000000000e+00
0.000000000000000000e+00
0.000000000000000000e+00
0.000000000000000000e+00
0.000000000000000000e+00
0.000000000000000000e+00
0.000000000000000000e+00
0.000000000000000000e+00
0.000000000000000000e+00
0.000000000000000000e+00
0.000000000000000000e+00
0.000000000000000000e+00
0.000000000000000000e+00
0.000000000000000000e+00
0.000000000000000000e+00
0.000000000000000000e+00
0.000000000000000000e+00
0.000000000000000000e+00
0.000000000000000000e+00
0.000000000000000000e+00
0.000000000000000000e+00
0.000000000000000000e+00
0.000000000000000000e+00
0.000000000000000000e+00
0.000000000000000000e+00
0.000000000000000000e+00
0.000000000000000000e+00
0.000000000000000000e+00
0.000000000000000000e+00
0.000000000000000000e+00
0.000000000000000000e+00
0.000000000000000000e+00
0.000000000000000000e+00
0.000000000000000000e+00
0.000000000000000000e+00
0.000000000000000000e+00
0.000000000000000000e+00
0.000000000000000000e+00
0.000000000000000000e+00
0.000000000000000000e+00
0.000000000000000000e+00
3.363116144460634770e-52
3.867583566129730282e-51
-2.746544851309510977e-51
-5.058687200626216001e-51
3.007186352505216626e-50
-7.185858161997558131e-50
6.993880282084620821e-50
1.783712725118303984e-49
-9.647098660385337736e-49
2.110019069034604397e-48
-1.451717109724302449e-48
-6.923451024826017360e-48
3.002406523684900912e-47
-5.764874328640044194e-47
1.932197105493030983e-47
2.517439009940744892e-46
-8.977519471993457738e-46
1.462180955153351483e-45
2.496108585924291257e-46
-8.622501028461259134e-45
2.550972524709398767e-44
-3.319683824208962080e-44
-3.291231011038704099e-44
2.774913737496004872e-43
-6.792711466355603705e-43
6.197886789710137047e-43
1.674780942681787270e-42
-8.345644391091931196e-42
1.658547382452696926e-41
-6.733407442284609215e-42
-6.575274820542486892e-41
2.323774455767902407e-40
-3.567638910841375086e-40
-1.297716791382901995e-40
2.213440152321112030e-39
-5.894887870978925179e-39
6.135927486551905237e-39
1.185670135209130749e-38
-6.576677720341414917e-38
1.322494792497235362e-37
-5.433227866256774702e-38
-5.045184095539577194e-37
1.727036903578513130e-36
-2.456706303464966591e-36
-1.521059932505743065e-36
1.646473719708767097e-35
-3.927897827698538585e-35
3.039280334160843096e-35
1.062331946077060746e-34
-4.458327024827704881e-34
7.298982308287768927e-34
1.243560214571209874e-34
-3.857037614471485534e-33
1.003195592950456922e-32
-9.093751637928410371e-33
-2.290798868747260370e-32
1.053582177646057897e-31
-1.767790769968530549e-31
-1.973809868791574234e-32
8.810227747435232964e-31
-2.255703785052698214e-30
1.886324820754761714e-30
5.464623149482293429e-30
-2.303292611524738638e-29
3.502875579693191455e-29
1.435828683455704585e-29
-1.964998674812337373e-28
4.393134885902451849e-28
-2.344987793380564287e-28
-1.378738613653608966e-27
4.526395842113746284e-27
-5.208145248522671615e-27
-7.088470661418433441e-27
4.053106493163745438e-26
-6.857041210512806436e-26
-9.612057148809007079e-27
3.216774864375741022e-25
-7.339048442820147500e-25
3.708582999866138620e-25
2.265435020311961312e-24
-6.927775977873552624e-24
6.607221000095771329e-24
1.390438865870738266e-23
-5.982166945696408978e-23
7.870899104725481638e-23
7.016986117861041281e-23
-4.832936206689312475e-22
7.889593968350961840e-22
2.332596906719186585e-22
-3.719250538566497929e-21
7.122347635482272767e-21
-3.425555868057638468e-22
-2.773736019862669362e-20
5.971523357430867028e-20
-1.475563212203811441e-20
-2.039791109731182739e-19
4.725626283722691863e-19
-1.596111484722590996e-19
-1.502462435368387903e-18
3.555593899480264683e-18
-1.168657049922282568e-18
-1.118758559019346773e-17
2.540721880812606755e-17
-5.404156437918034737e-18
-8.401489503432867723e-17
1.703245997584732584e-16
6.045506121356829459e-18
-6.257756189820046668e-16
1.038310680420197588e-15
5.035467503790334273e-16
-4.481399398687450546e-15
5.338054806808320010e-15
7.319626333137557039e-15
-2.939879214531760350e-14
1.786018456335340729e-14
7.450097655092014685e-14
-1.612909648274432368e-13
-3.743085419617217753e-14
5.767611505439136776e-13
-5.689382365122263807e-13
-1.198561227913161889e-12
3.190086009367887387e-12
3.495602628536177701e-13
-1.161484154960156299e-11
1.233092411023159700e-11
4.517432657454961780e-11
-1.159881067003786944e-10
-6.035142413720281293e-10
-1.272928588614388301e-09
-2.006322970352661372e-09
-2.903434733200602035e-09
-3.996161377669617486e-09
-5.235576978411780982e-09
-6.707591508905961720e-09
-8.467015060113367900e-09
-1.048780482305041843e-08
-1.286002528256891110e-08
-1.565254036271294495e-08
-1.886578000675052933e-08
-2.260933102709665723e-08
-2.696355683331590366e-08
-3.196214635512184422e-08
-3.774435201029777996e-08
-4.440301612737438842e-08
-5.201594397011300764e-08
-6.075670010403984230e-08
-7.073511891426513759e-08
-8.208616708997800209e-08
-9.501622378209477946e-08
-1.096618831689294769e-07
-1.262256161269845505e-07
-1.449399401282317821e-07
-1.659839475458837027e-07
-1.896282418191463030e-07
-2.161238977031054071e-07
-2.457103955919379619e-07
-2.787116504497766544e-07
-3.153952534773661341e-07
-3.560705491837612215e-07
-4.010854201229654764e-07
-4.507305040967839849e-07
-5.053718388827325027e-07
-5.653478438442123547e-07
-6.309792794785432093e-07
-7.026453190711576716e-07
-7.806514242485958813e-07
-8.653357790167763141e-07
-9.570266851402021966e-07
-1.055985669815472004e-06
-1.162516623484035431e-06
-1.276838331848954254e-06
-1.399150096219137068e-06
-1.529635293213148803e-06
-1.668369166180255542e-06
-1.815433801117733684e-06
-1.970807070096275739e-06
-2.134398325788004928e-06
-2.306077715826237001e-06
-2.485571694609787058e-06
-2.672576194232668811e-06
-2.866658865134764405e-06
-3.067283676838572274e-06
-3.273850296614930480e-06
-3.485592114782445532e-06
-3.701690072241987200e-06
-3.921181194424864957e-06
-4.142991220376075741e-06
-4.365972232395230935e-06
-4.588814867141519559e-06
-4.810166258595161259e-06
-5.028539043656337532e-06
-5.242368042708127057e-06
-5.450034420051927612e-06
-5.649804314008457491e-06
-5.839947944140812497e-06
-6.018647311302483570e-06
-6.184085942758322174e-06
-6.334446209723187505e-06
-6.467887748496618348e-06
-6.582653253998384428e-06
-6.676980360872523232e-06
-6.749220429047026418e-06
-6.797797598845007187e-06
-6.821237808649472620e-06
-6.818235312352506718e-06
-6.787584468498968491e-06
-6.728304453909489322e-06
-6.639560103962075838e-06
-6.520740926968770753e-06
-6.371460943496978151e-06
-6.191533432175680639e-06
-5.981059841469707419e-06
-5.740335128190916427e-06
-5.469952584830518437e-06
-5.170729226237752226e-06
-4.843739406164116766e-06
-4.490323457783754382e-06
-4.112022173433997281e-06
-3.710655911037419109e-06
-3.288208840989602577e-06
-2.846905970468654925e-06
-2.389128457629774840e-06
-1.917417439868659287e-06
-1.434470167349641943e-06
-9.430545116434709943e-07
-4.460707798744801402e-07
5.357658540716785827e-08
5.529143872177257143e-07
1.048999413276019580e-06
1.538913662147588083e-06
2.019785623769790491e-06
2.488864809583538932e-06
2.943470529894190652e-06
3.381112493447515898e-06
3.799416351917974619e-06
4.196228555325251422e-06
4.569577482818112382e-06
4.917711480835036926e-06
5.239127607084215653e-06
5.532530649878978453e-06
5.796918355242874117e-06
6.031491346475962561e-06
6.235750223295637406e-06
6.409408227838644229e-06
6.552449057783385741e-06
6.665086919585229061e-06
6.747754169301984277e-06
6.801124683571452316e-06
6.826034754701913359e-06
6.823551723761046910e-06
6.794861501759914706e-06
6.741342757295795904e-06
6.664466387062623300e-06
6.565834371114584233e-06
6.447127809804548362e-06
6.310086683826140056e-06
6.156519835636364317e-06
5.988227932079772508e-06
5.807062565759803272e-06
5.614817760105564930e-06
5.413307127406400935e-06
5.204260423166991264e-06
4.989383452124669422e-06
4.770292710099317060e-06
4.548532040514962066e-06
4.325563733951764526e-06
4.102733546346505135e-06
3.881316882441084408e-06
3.662442699961819743e-06
3.447176274604771695e-06
3.236425892578039798e-06
3.031034192599976535e-06
2.831696044778104769e-06
2.639030428534690294e-06
2.453533368624000506e-06
2.275610449617337908e-06
2.105577650260119832e-06
1.943647190138179226e-06
1.789975741195690869e-06
1.644609571023493928e-06
1.507567554756498691e-06
1.378761615787185650e-06
1.258094491691985575e-06
1.145376455796620201e-06
1.040415830940100119e-06
9.429522001883336958e-07
8.527210004595837218e-07
7.694183911085699339e-07
6.927280148644318828e-07
6.223249134144249624e-07
5.578611298680928463e-07
4.990076150246466441e-07
4.454034212198121701e-07
3.967274698900451315e-07
3.526221816257128342e-07
3.127822385814740274e-07
2.768669826179631316e-07
2.445913629592823482e-07
2.156419539505727273e-07
1.897561245633049365e-07
1.666546454859445638e-07
1.460979730268008607e-07
1.278447939886339674e-07
1.116784921237619432e-07
9.739648829907952919e-08
8.480454682726620745e-08
7.373728198008707367e-08
6.402214652361422427e-08
5.552764723403377656e-08
4.810220423040652911e-08
4.164378823666681967e-08
3.602104937698111330e-08
3.115641246456612233e-08
2.693797560701284210e-08
2.330752853560386154e-08
2.017173270091275350e-08
1.748694050357162253e-08
1.517733810827787541e-08
1.320959755375994493e-08
1.152419930017112729e-08
1.009459532894612552e-08
8.876165362832727960e-09
7.846342174680677562e-09
6.973864562922222922e-09
6.238080692831682017e-09
5.619441829138523103e-09
5.097791912672704994e-09
4.663624928212800507e-09
4.296415549863641101e-09
3.995033627067972960e-09
3.738156452957331524e-09
3.531439680436240351e-09
3.352661419425933758e-09
3.212775597787214094e-09
3.088788449822544078e-09
2.995616301866943024e-09
2.909746983738503986e-09
2.848887178447705752e-09
2.789332956158685604e-09
2.750578077914385222e-09
2.709065809961262906e-09
2.685255370404755751e-09
2.656042311300103357e-09
2.642196844566690269e-09
2.621335742585662798e-09
2.614034046767486493e-09
2.598833913713538495e-09
2.595750997980857258e-09
2.584389062116045421e-09
2.583963955411514266e-09
2.575212139719485541e-09
2.576410871392156289e-09
2.569446319817637900e-09
2.571598923335360808e-09
2.565868304980522532e-09
2.568550175836470927e-09
2.563677865206778489e-09
2.566626343682632167e-09
2.562351121769328135e-09
2.565417021998765296e-09
2.561556154589759700e-09
2.564665452324093998e-09
2.561084907804176856e-09
2.564206602539448959e-09
2.560800849201017095e-09
2.563932543865216892e-09
2.560635839984343991e-09
2.563932543865216892e-09
2.560800849201017095e-09
2.564206602539448959e-09
2.561084907804176856e-09
2.564665452324093998e-09
2.561556154589759700e-09
2.565417021998765296e-09
2.562351121769328135e-09
2.566626343682632167e-09
2.563677865206778489e-09
2.568550175836470927e-09
2.565868304980522532e-09
2.571598923335360808e-09
2.569446319817637900e-09
2.576410871392156289e-09
2.575212139719485541e-09
2.583963955411514266e-09
2.584389062116045421e-09
2.595750997980857258e-09
2.598833913713538495e-09
2.614034046767486493e-09
2.621335742585662798e-09
2.642196844566690269e-09
2.656042311300103357e-09
2.685255370404755751e-09
2.709065809961262906e-09
2.750578077914385222e-09
2.789332956158685604e-09
2.848887178447705752e-09
2.909746983738503986e-09
2.995616301866943024e-09
3.088788449822544078e-09
3.212775597787214094e-09
3.352661419425933758e-09
3.531439680436240351e-09
3.738156452957331524e-09
3.995033627067972960e-09
4.296415549863641101e-09
4.663624928212800507e-09
5.097791912672704994e-09
5.619441829138523103e-09
6.238080692831682017e-09
6.973864562922222922e-09
7.846342174680677562e-09
8.876165362832727960e-09
1.009459532894612552e-08
1.152419930017112729e-08
1.320959755375994493e-08
1.517733810827787541e-08
1.748694050357162253e-08
2.017173270091275350e-08
2.330752853560386154e-08
2.693797560701284210e-08
3.115641246456612233e-08
3.602104937698111330e-08
4.164378823666681967e-08
4.810220423040652911e-08
5.552764723403377656e-08
6.402214652361422427e-08
7.373728198008707367e-08
8.480454682726620745e-08
9.739648829907952919e-08
1.116784921237619432e-07
1.278447939886339674e-07
1.460979730268008607e-07
1.666546454859445638e-07
1.897561245633049365e-07
2.156419539505727273e-07
2.445913629592823482e-07
2.768669826179631316e-07
3.127822385814740274e-07
3.526221816257128342e-07
3.967274698900451315e-07
4.454034212198121701e-07
4.990076150246466441e-07
5.578611298680928463e-07
6.223249134144249624e-07
6.927280148644318828e-07
7.694183911085699339e-07
8.527210004595837218e-07
9.429522001883336958e-07
1.040415830940100119e-06
1.145376455796620201e-06
1.258094491691985575e-06
1.378761615787185650e-06
1.507567554756498691e-06
1.644609571023493928e-06
1.789975741195690869e-06
1.943647190138179226e-06
2.105577650260119832e-06
2.275610449617337908e-06
2.453533368624000506e-06
2.639030428534690294e-06
2.831696044778104769e-06
3.031034192599976535e-06
3.236425892578039798e-06
3.447176274604771695e-06
3.662442699961819743e-06
3.881316882441084408e-06
4.102733546346505135e-06
4.325563733951764526e-06
4.548532040514962066e-06
4.770292710099317060e-06
4.989383452124669422e-06
5.204260423166991264e-06
5.413307127406400935e-06
5.614817760105564930e-06
5.807062565759803272e-06
5.988227932079772508e-06
6.156519835636364317e-06
6.310086683826140056e-06
6.447127809804548362e-06
6.565834371114584233e-06
6.664466387062623300e-06
6.741342757295795904e-06
6.794861501759914706e-06
6.823551723761046910e-06
6.826034754701913359e-06
6.801124683571452316e-06
6.747754169301984277e-06
6.665086919585229061e-06
6.552449057783385741e-06
6.409408227838644229e-06
6.235750223295637406e-06
6.031491346475962561e-06
5.796918355242874117e-06
5.532530649878978453e-06
5.239127607084215653e-06
4.917711480835036926e-06
4.569577482818112382e-06
4.196228555325251422e-06
3.799416351917974619e-06
3.381112493447515898e-06
2.943470529894190652e-06
2.488864809583538932e-06
2.019785623769790491e-06
1.538913662147588083e-06
1.048999413276019580e-06
5.529143872177257143e-07
5.357658540716785827e-08
-4.460707798744801402e-07
-9.430545116434709943e-07
-1.434470167349641943e-06
-1.917417439868659287e-06
-2.389128457629774840e-06
-2.846905970468654925e-06
-3.288208840989602577e-06
-3.710655911037419109e-06
-4.112022173433997281e-06
-4.490323457783754382e-06
-4.843739406164116766e-06
-5.170729226237752226e-06
-5.469952584830518437e-06
-5.740335128190916427e-06
-5.981059841469707419e-06
-6.191533432175680639e-06
-6.371460943496978151e-06
-6.520740926968770753e-06
-6.639560103962075838e-06
-6.728304453909489322e-06
-6.787584468498968491e-06
-6.818235312352506718e-06
-6.821237808649472620e-06
-6.797797598845007187e-06
-6.749220429047026418e-06
-6.676980360872523232e-06
-6.582653253998384428e-06
-6.467887748496618348e-06
-6.334446209723187505e-06
-6.184085942758322174e-06
-6.018647311302483570e-06
-5.839947944140812497e-06
-5.649804314008457491e-06
-5.450034420051927612e-06
-5.242368042708127057e-06
-5.028539043656337532e-06
-4.810166258595161259e-06
-4.588814867141519559e-06
-4.365972232395230935e-06
-4.142991220376075741e-06
-3.921181194424864957e-06
-3.701690072241987200e-06
-3.485592114782445532e-06
-3.273850296614930480e-06
-3.067283676838572274e-06
-2.866658865134764405e-06
-2.672576194232668811e-06
-2.485571694609787058e-06
-2.306077715826237001e-06
-2.134398325788004928e-06
-1.970807070096275739e-06
-1.815433801117733684e-06
-1.668369166180255542e-06
-1.529635293213148803e-06
-1.399150096219137068e-06
-1.276838331848954254e-06
-1.162516623484035431e-06
-1.055985669815472004e-06
-9.570266851402021966e-07
-8.653357790167763141e-07
-7.806514242485958813e-07
-7.026453190711576716e-07
-6.309792794785432093e-07
-5.653478438442123547e-07
-5.053718388827325027e-07
-4.507305040967839849e-07
-4.010854201229654764e-07
-3.560705491837612215e-07
-3.153952534773661341e-07
-2.787116504497766544e-07
-2.457103955919379619e-07
-2.161238977031054071e-07
-1.896282418191463030e-07
-1.659839475458837027e-07
-1.449399401282317821e-07
-1.262256161269845505e-07
-1.096618831689294769e-07
-9.501622378209477946e-08
-8.208616708997800209e-08
-7.073511891426513759e-08
-6.075670010403984230e-08
-5.201594397011300764e-08
-4.440301612737438842e-08
-3.774435201029777996e-08
-3.196214635512184422e-08
-2.696355683331590366e-08
-2.260933102709665723e-08
-1.886578000675052933e-08
-1.565254036271294495e-08
-1.286002528256891110e-08
-1.048780482305041843e-08
-8.467015060113367900e-09
-6.707591508905961720e-09
-5.235576978411780982e-09
-3.996161377669617486e-09
-2.903434733200602035e-09
-2.006322970352661372e-09
-1.272928588614388301e-09
-6.035142413720281293e-10
-1.159881067003786944e-10
4.517432657454961780e-11
1.233092411023159700e-11
-1.161484154960156299e-11
3.495602628536177701e-13
3.190086009367887387e-12
-1.198561227913161889e-12
-5.689382365122263807e-13
5.767611505439136776e-13
-3.743085419617217753e-14
-1.612909648274432368e-13
7.450097655092014685e-14
1.786018456335340729e-14
-2.939879214531760350e-14
7.319626333137557039e-15
5.338054806808320010e-15
-4.481399398687450546e-15
5.035467503790334273e-16
1.038310680420197588e-15
-6.257756189820046668e-16
6.045506121356829459e-18
1.703245997584732584e-16
-8.401489503432867723e-17
-5.404156437918034737e-18
2.540721880812606755e-17
-1.118758559019346773e-17
-1.168657049922282568e-18
3.555593899480264683e-18
-1.502462435368387903e-18
-1.596111484722590996e-19
4.725626283722691863e-19
-2.039791109731182739e-19
-1.475563212203811441e-20
5.971523357430867028e-20
-2.773736019862669362e-20
-3.425555868057638468e-22
7.122347635482272767e-21
-3.719250538566497929e-21
2.332596906719186585e-22
7.889593968350961840e-22
-4.832936206689312475e-22
7.016986117861041281e-23
7.870899104725481638e-23
-5.982166945696408978e-23
1.390438865870738266e-23
6.607221000095771329e-24
-6.927775977873552624e-24
2.265435020311961312e-24
3.708582999866138620e-25
-7.339048442820147500e-25
3.216774864375741022e-25
-9.612057148809007079e-27
-6.857041210512806436e-26
4.053106493163745438e-26
-7.088470661418433441e-27
-5.208145248522671615e-27
4.526395842113746284e-27
-1.378738613653608966e-27
-2.344987793380564287e-28
4.393134885902451849e-28
-1.964998674812337373e-28
1.435828683455704585e-29
3.502875579693191455e-29
-2.303292611524738638e-29
5.464623149482293429e-30
1.886324820754761714e-30
-2.255703785052698214e-30
8.810227747435232964e-31
-1.973809868791574234e-32
-1.767790769968530549e-31
1.053582177646057897e-31
-2.290798868747260370e-32
-9.093751637928410371e-33
1.003195592950456922e-32
-3.857037614471485534e-33
1.243560214571209874e-34
7.298982308287768927e-34
-4.458327024827704881e-34
1.062331946077060746e-34
3.039280334160843096e-35
-3.927897827698538585e-35
1.646473719708767097e-35
-1.521059932505743065e-36
-2.456706303464966591e-36
1.727036903578513130e-36
-5.045184095539577194e-37
-5.433227866256774702e-38
1.322494792497235362e-37
-6.576677720341414917e-38
1.185670135209130749e-38
6.135927486551905237e-39
-5.894887870978925179e-39
2.213440152321112030e-39
-1.297716791382901995e-40
-3.567638910841375086e-40
2.323774455767902407e-40
-6.575274820542486892e-41
-6.733407442284609215e-42
1.658547382452696926e-41
-8.345644391091931196e-42
1.674780942681787270e-42
6.197886789710137047e-43
-6.792711466355603705e-43
2.774913737496004872e-43
-3.291231011038704099e-44
-3.319683824208962080e-44
2.550972524709398767e-44
-8.622501028461259134e-45
2.496108585924291257e-46
1.462180955153351483e-45
-8.977519471993457738e-46
2.517439009940744892e-46
1.932197105493030983e-47
-5.764874328640044194e-47
3.002406523684900912e-47
-6.923451024826017360e-48
-1.451717109724302449e-48
2.110019069034604397e-48
-9.647098660385337736e-49
1.783712725118303984e-49
6.993880282084620821e-50
-7.185858161997558131e-50
3.007186352505216626e-50
-5.058687200626216001e-51
-2.746544851309510977e-51
3.867583566129730282e-51
3.363116144460634770e-52
0.000000000000000000e+00
0.000000000000000000e+00
0.000000000000000000e+00
0.000000000000000000e+00
0.000000000000000000e+00
0.000000000000000000e+00
0.000000000000000000e+00
0.000000000000000000e+00
0.000000000000000000e+00
0.000000000000000000e+00
0.000000000000000000e+00
0.000000000000000000e+00
0.000000000000000000e+00
0.000000000000000000e+00
0.000000000000000000e+00
0.000000000000000000e+00
0.000000000000000000e+00
0.000000000000000000e+00
0.000000000000000000e+00
0.000000000000000000e+00
0.000000000000000000e+00
0.000000000000000000e+00
0.000000000000000000e+00
0.000000000000000000e+00
0.000000000000000000e+00
0.000000000000000000e+00
0.000000000000000000e+00
0.000000000000000000e+00
0.000000000000000000e+00
0.000000000000000000e+00
0.000000000000000000e+00
0.000000000000000000e+00
0.000000000000000000e+00
0.000000000000000000e+00
0.000000000000000000e+00
0.000000000000000000e+00
0.000000000000000000e+00
0.000000000000000000e+00
0.000000000000000000e+00
0.000000000000000000e+00
0.000000000000000000e+00
0.000000000000000000e+00
0.000000000000000000e+00
0.000000000000000000e+00
0.000000000000000000e+00
0.000000000000000000e+00
0.000000000000000000e+00
0.000000000000000000e+00
0.000000000000000000e+00
0.000000000000000000e+00
0.000000000000000000e+00
0.000000000000000000e+00
0.000000000000000000e+00
0.000000000000000000e+00
0.000000000000000000e+00
0.000000000000000000e+00
0.000000000000000000e+00
0.000000000000000000e+00
0.000000000000000000e+00
0.000000000000000000e+00
0.000000000000000000e+00
0.000000000000000000e+00
0.000000000000000000e+00
0.000000000000000000e+00
0.000000000000000000e+00
0.000000000000000000e+00
0.000000000000000000e+00
0.000000000000000000e+00
0.000000000000000000e+00
0.000000000000000000e+00
0.000000000000000000e+00
0.000000000000000000e+00
0.000000000000000000e+00
0.000000000000000000e+00
0.000000000000000000e+00
0.000000000000000000e+00
0.000000000000000000e+00
0.000000000000000000e+00
0.000000000000000000e+00
0.000000000000000000e+00
0.000000000000000000e+00
0.000000000000000000e+00
0.000000000000000000e+00
0.000000000000000000e+00
0.000000000000000000e+00
0.000000000000000000e+00
0.000000000000000000e+00
0.000000000000000000e+00
0.000000000000000000e+00
0.000000000000000000e+00
0.000000000000000000e+00
0.000000000000000000e+00
0.000000000000000000e+00
0.000000000000000000e+00
0.000000000000000000e+00
0.000000000000000000e+00
0.000000000000000000e+00
0.000000000000000000e+00
0.000000000000000000e+00
0.000000000000000000e+00
0.000000000000000000e+00
0.000000000000000000e+00
0.000000000000000000e+00
0.000000000000000000e+00
0.000000000000000000e+00
0.000000000000000000e+00
0.000000000000000000e+00
0.000000000000000000e+00
0.000000000000000000e+00
0.000000000000000000e+00
0.000000000000000000e+00
0.000000000000000000e+00
0.000000000000000000e+00
0.000000000000000000e+00
0.000000000000000000e+00
0.000000000000000000e+00
0.000000000000000000e+00
0.000000000000000000e+00
0.000000000000000000e+00
0.000000000000000000e+00
0.000000000000000000e+00
0.000000000000000000e+00
0.000000000000000000e+00
0.000000000000000000e+00
0.000000000000000000e+00
0.000000000000000000e+00
0.000000000000000000e+00
0.000000000000000000e+00
0.000000000000000000e+00
0.000000000000000000e+00
0.000000000000000000e+00
0.000000000000000000e+00
0.000000000000000000e+00
0.000000000000000000e+00
